10017      64        
10024      64        
10035      64        
10041      64        
10043      64        
10054      64        
10059      64        
10069      64        
10074      64        
10078      64        
10080      64        
10085      64        
10108      64        
10125      64        
10130      64        
10136      64        
10137      64        
10142      64        
10150      64        
10154      64        
10166      20        
10185      20        
10186      64        
10188      64        
10203      20        
10221      64        
10223      20        
10234      20        
10296      20        
10318      20        
10319      20        
10320      20        
10321      20        
10363      20        
10382      20        
10391      20        
10416      20
10422      20
10438      20               
12042      20
